FD01  117.4333135  31.81069491  12.939 
FD02  117.4648985  31.85782487  8.815  
FD03  117.772761   31.88184306  40.983 
FD04  117.9295789  31.68056439  62.349 
FD05  117.8518171  31.78158697  36.829 
FD06  117.5840248  32.03649415  53.914 
FD07  118.0242887  31.82164667  13.025 
FD08  117.9144817  31.87520648  24.713 
FD09  117.8042005  31.92908604  33.647 
FD10  117.762629   31.64919072  6.899  
FD11  117.369497   31.71935723  8.815  
FD12  117.4021808  31.7634695   3.736  
FD13  117.5210705  31.94243596  43.093 
FD14  117.654893   31.81478255  55.91  
FD15  117.6944356  31.98314603  30.439 
FD16  117.4808927  31.66345689  28.166 
FD17  117.4883079  31.7839698   15.084 
FD18  117.7948078  31.69688897  6.686  
FD19  117.5747734  31.80404537  82.495 
FD20  117.5761291  31.9153943   36.785 
FD21  117.9062037  31.75442266  60.962 
FD22  117.6296282  31.77751614  53.719 
FD23  117.5434463  31.7573066   44.75  
FD24  117.6850067  31.75070466  25.901 
FD25  117.5999098  31.84177537  70.492 
FD26  117.5668465  31.68344889  29.678 
FD27  117.5119475  31.71017815  39.098 
FD28  117.7961991  31.80811425  31.687 
FD29  117.9378408  31.80132438  32.966 
FD30  117.8492152  31.6697981   84.04  
FD31  117.5905601  31.60980526  22.207 
FD32  117.5983775  31.73037271  37.593 
FD33  117.7644095  31.76122427  8.389  
FD34  117.6213357  31.65674818  18.035 
FD35  117.7082339  31.67678411  12.372 
FD36  117.6528704  31.70388748  23.258 
FD37  117.7409519  31.83536483  17.885 
FD38  117.7401115  31.72439155  24.313 
FD39  117.7174182  31.90899895  99.346 
FD40  117.8288198  31.85546753  140.178
FD41  117.45705    31.73742864  11.557 
FD42  117.6864557  31.86187873  67.845 
FD43  117.819714   31.73423265  28.051 
FD44  117.4893143  31.89554559  16.523 
FD45  117.7098283  31.78834271  19.406 
FD46  117.662782   31.93563317  39.682 
FD47  117.5447922  31.86907046  28.823 
FD48  117.5196656  31.83108221  23.312 
FD49  117.6076353  31.96231298  27.714 
FD50  117.8752594  31.70760984  37.601 
FD51  117.6314265  31.8888572   51.328 
FD52  117.8822358  31.82783252  114.281
FD53  117.5353667  31.63614455  33.494 
